Beginning of main program...
perc_format: 0.15438902300002155
str_format: 0.20433160200002476
f_string: 0.09375934999997071
no_vars: 0.0461743760000104
no_var_defs: 0.0395594099999812
