Beginning of main program...
perc_format: 0.2090797549999479
str_format: 0.2292290719999528
f_string: 0.0945968560001802
no_vars: 0.04812068000001091
