Beginning of main program...
str_format: 0.22342307700000674
perc_format: 0.1574436649999882
f_string: 0.10023166799999217
no_vars: 0.05088441700002022
no_var_defs: 0.045671941999984256
